 8.193791 -14.188030 0.500000  2.820406 -13.591642 0.500000
 -12.560475 -11.884224 0.500000  -17.933862 -11.287797 0.500000
 1.999754 -13.500559 0.500000  -10.919170 -12.066414 0.500000
 -10.919170 -12.066414 0.500000  -11.739823 -11.975314 0.500000
 14.940968 -10.729407 0.500000  2.820406 -13.591642 0.500000
 14.940968 -10.729407 0.500000  45.024549 -3.625471 0.500000
 -12.560475 -11.884224 0.500000  -21.594567 -6.673697 0.500000
 -21.594567 -6.673697 0.500000  -22.974316 -5.877909 0.500000
 16.792081 -10.292285 0.500000  14.877536 -12.271297 0.500000
 25.826143 -0.953934 0.500000  25.931702 -0.844815 0.500000
 25.348938 -1.447231 0.500000  17.744658 -9.307631 0.500000
 17.744658 -9.307631 0.500000  17.200334 -9.870285 0.500000
 -22.667363 -8.103510 0.500000  -22.974316 -5.877909 0.500000
 -24.439998 4.746777 0.500000  -24.423064 4.624061 0.500000
 -23.127049 -4.770559 0.500000  -24.346510 4.069302 0.500000
 -23.039771 -5.403326 0.500000  -23.127049 -4.770559 0.500000
 21.659153 10.870355 0.500000  23.663128 5.183896 0.500000
 26.024330 -1.516335 0.500000  25.826143 -0.953934 0.500000
 30.099443 -13.080022 0.500000  23.824488 4.726024 0.500000
 24.027854 4.148944 0.500000  24.930194 1.588514 0.500000
 -17.933905 9.801457 0.500000  -11.921855 14.598163 0.500000
 -37.242937 -5.604499 0.500000  -24.423064 4.624061 0.500000
 -24.347361 4.684462 0.500000  -25.017670 4.149663 0.500000
 -21.215593 7.183111 0.500000  -18.417994 9.415228 0.500000
 12.492673 11.626581 0.500000  23.663128 5.183896 0.500000
 12.492673 11.626581 0.500000  -23.263091 32.249268 0.500000
 11.502103 12.197907 0.500000  21.110856 11.131300 0.500000
 10.583372 12.299890 0.500000  -11.227012 14.720902 0.500000
 -1.618195 13.654315 0.500000  8.679985 12.511171 0.500000
 -17.933905 9.801457 0.500000  -2.947169 13.340490 0.500000
 -2.947169 13.340490 0.500000  -1.618195 13.654315 0.500000
 5.739165 8.589252 0.500000  3.953203 9.543885 0.500000
 7.304569 7.304559 0.500000  5.739165 8.589252 0.500000
 8.589262 5.739155 0.500000  7.304569 7.304559 0.500000
 9.543886 3.953193 0.500000  8.589262 5.739155 0.500000
 10.131706 2.015321 0.500000  9.543886 3.953193 0.500000
 10.330214 -0.000002 0.500000  10.131706 2.015321 0.500000
 10.131706 -2.015331 0.500000  10.330214 -0.000002 0.500000
 9.543886 -3.953203 0.500000  10.131706 -2.015331 0.500000
 8.589271 -5.739174 0.500000  9.543886 -3.953203 0.500000
 7.304578 -7.304578 0.500000  8.589271 -5.739174 0.500000
 5.739165 -8.589271 0.500000  7.304578 -7.304578 0.500000
 3.953203 -9.543886 0.500000  5.739165 -8.589271 0.500000
 2.015331 -10.131706 0.500000  3.953203 -9.543886 0.500000
 0.000000 -10.330214 0.500000  2.015331 -10.131706 0.500000
 -2.015330 -10.131706 0.500000  0.000000 -10.330214 0.500000
 -3.953203 -9.543886 0.500000  -2.015330 -10.131706 0.500000
 -5.739164 -8.589262 0.500000  -3.953203 -9.543886 0.500000
 -7.304568 -7.304569 0.500000  -5.739164 -8.589262 0.500000
 -8.589271 -5.739165 0.500000  -7.304568 -7.304569 0.500000
 -9.543885 -3.953203 0.500000  -8.589271 -5.739165 0.500000
 -10.131706 -2.015322 0.500000  -9.543885 -3.953203 0.500000
 -10.330214 0.000002 0.500000  -10.131706 -2.015322 0.500000
 -10.131706 2.015330 0.500000  -10.330214 0.000002 0.500000
 -9.543885 3.953203 0.500000  -10.131706 2.015330 0.500000
 -8.589262 5.739164 0.500000  -9.543885 3.953203 0.500000
 -7.304568 7.304568 0.500000  -8.589262 5.739164 0.500000
 -5.739155 8.589271 0.500000  -7.304568 7.304568 0.500000
 -3.953193 9.543885 0.500000  -5.739155 8.589271 0.500000
 -2.015321 10.131706 0.500000  -3.953193 9.543885 0.500000
 0.000006 10.330214 0.500000  -2.015321 10.131706 0.500000
 2.015331 10.131706 0.500000  0.000006 10.330214 0.500000
 3.953203 9.543885 0.500000  2.015331 10.131706 0.500000
